       Value   Percentile   TotalCount 1/(1-Percentile)

      19.000     0.000000            3         1.00
      21.000     0.100000          230         1.11
      22.000     0.200000          443         1.25
      23.000     0.300000          664         1.43
      24.000     0.400000          972         1.67
      25.000     0.500000         1225         2.00
      25.000     0.550000         1225         2.22
      25.000     0.600000         1225         2.50
      26.000     0.650000         1443         2.86
      26.000     0.700000         1443         3.33
      27.000     0.750000         1590         4.00
      27.000     0.775000         1590         4.44
      28.000     0.800000         1689         5.00
      28.000     0.825000         1689         5.71
      29.000     0.850000         1730         6.67
      30.000     0.875000         1755         8.00
      32.000     0.887500         1777         8.89
      37.000     0.900000         1803        10.00
      43.000     0.912500         1826        11.43
      56.000     0.925000         1854        13.33
      63.000     0.937500         1877        16.00
      68.000     0.943750         1891        17.78
      73.000     0.950000         1900        20.00
      82.000     0.956250         1913        22.86
      98.000     0.962500         1925        26.67
     115.000     0.968750         1938        32.00
     125.000     0.971875         1944        35.56
     129.000     0.975000         1950        40.00
     134.000     0.978125         1958        45.71
     141.000     0.981250         1963        53.33
     154.000     0.984375         1970        64.00
     162.000     0.985938         1972        71.11
     167.000     0.987500         1975        80.00
     172.000     0.989062         1980        91.43
     187.000     0.990625         1982       106.67
     205.100     0.992188         1985       128.00
     210.100     0.992969         1986       142.22
     217.100     0.993750         1988       160.00
     228.100     0.994531         1990       182.86
     229.100     0.995313         1991       213.33
     239.100     0.996094         1993       256.00
     239.100     0.996484         1993       284.44
     240.100     0.996875         1994       320.00
     243.100     0.997266         1995       365.71
     246.100     0.997656         1996       426.67
     251.100     0.998047         1997       512.00
     251.100     0.998242         1997       568.89
     251.100     0.998437         1997       640.00
     268.100     0.998633         1998       731.43
     268.100     0.998828         1998       853.33
     314.100     0.999023         1999      1024.00
     314.100     0.999121         1999      1137.78
     314.100     0.999219         1999      1280.00
     314.100     0.999316         1999      1462.86
     314.100     0.999414         1999      1706.67
     326.100     0.999512         2000      2048.00
     326.100     1.000000         2000          inf
#[Mean    =       31.784, StdDeviation   =       28.821]
#[Max     =      326.100, Total count    =         2000]
#[Buckets =           14, SubBuckets     =         2048]
