       Value   Percentile   TotalCount 1/(1-Percentile)

       7.000     0.000000           29         1.00
       8.000     0.100000         1165         1.11
       8.000     0.200000         1165         1.25
       8.000     0.300000         1165         1.43
       8.000     0.400000         1165         1.67
       8.000     0.500000         1165         2.00
       8.000     0.550000         1165         2.22
       8.000     0.600000         1165         2.50
       8.000     0.650000         1165         2.86
       8.000     0.700000         1165         3.33
       8.000     0.750000         1165         4.00
       8.000     0.775000         1165         4.44
       9.000     0.800000         1234         5.00
      10.000     0.825000         1254         5.71
      11.000     0.850000         1276         6.67
      16.000     0.875000         1315         8.00
      19.000     0.887500         1336         8.89
      23.000     0.900000         1351        10.00
      28.000     0.912500         1370        11.43
      41.000     0.925000         1388        13.33
      53.000     0.937500         1411        16.00
      55.000     0.943750         1417        17.78
      59.000     0.950000         1430        20.00
      62.000     0.956250         1437        22.86
      65.000     0.962500         1444        26.67
      71.000     0.968750         1456        32.00
      72.000     0.971875         1459        35.56
      74.000     0.975000         1464        40.00
      75.000     0.978125         1468        45.71
      79.000     0.981250         1472        53.33
      81.000     0.984375         1477        64.00
      83.000     0.985938         1479        71.11
      87.000     0.987500         1482        80.00
      89.000     0.989062         1484        91.43
      91.000     0.990625         1486       106.67
      99.000     0.992188         1490       128.00
      99.000     0.992969         1490       142.22
     100.000     0.993750         1491       160.00
     102.000     0.994531         1492       182.86
     103.000     0.995313         1493       213.33
     114.000     0.996094         1495       256.00
     114.000     0.996484         1495       284.44
     118.000     0.996875         1496       320.00
     118.000     0.997266         1496       365.71
     121.000     0.997656         1497       426.67
     124.000     0.998047         1498       512.00
     124.000     0.998242         1498       568.89
     124.000     0.998437         1498       640.00
     124.000     0.998633         1498       731.43
     130.000     0.998828         1499       853.33
     130.000     0.999023         1499      1024.00
     130.000     0.999121         1499      1137.78
     130.000     0.999219         1499      1280.00
     130.000     0.999316         1499      1462.86
     754.300     0.999414         1500      1706.67
     754.300     1.000000         1500          inf
#[Mean    =       14.118, StdDeviation   =       25.603]
#[Max     =      754.300, Total count    =         1500]
#[Buckets =           14, SubBuckets     =         2048]
