       Value   Percentile   TotalCount 1/(1-Percentile)

      12.000     0.000000           19         1.00
      22.000     0.100000          178         1.11
      24.000     0.200000          464         1.25
      24.000     0.300000          464         1.43
      25.000     0.400000          663         1.67
      26.000     0.500000          833         2.00
      26.000     0.550000          833         2.22
      27.000     0.600000         1025         2.50
      27.000     0.650000         1025         2.86
      28.000     0.700000         1173         3.33
      28.000     0.750000         1173         4.00
      28.000     0.775000         1173         4.44
      29.000     0.800000         1253         5.00
      29.000     0.825000         1253         5.71
      30.000     0.850000         1289         6.67
      31.000     0.875000         1314         8.00
      33.000     0.887500         1337         8.89
      37.000     0.900000         1352        10.00
      44.000     0.912500         1370        11.43
      52.000     0.925000         1388        13.33
      65.000     0.937500         1407        16.00
      72.000     0.943750         1418        17.78
      79.000     0.950000         1425        20.00
      88.000     0.956250         1436        22.86
      94.000     0.962500         1444        26.67
     108.000     0.968750         1454        32.00
     120.000     0.971875         1459        35.56
     128.000     0.975000         1463        40.00
     133.000     0.978125         1468        45.71
     140.000     0.981250         1472        53.33
     149.000     0.984375         1477        64.00
     161.000     0.985938         1479        71.11
     176.000     0.987500         1482        80.00
     179.000     0.989062         1485        91.43
     183.000     0.990625         1488       106.67
     184.000     0.992188         1490       128.00
     184.000     0.992969         1490       142.22
     192.000     0.993750         1491       160.00
     210.100     0.994531         1492       182.86
     231.100     0.995313         1493       213.33
     264.100     0.996094         1495       256.00
     264.100     0.996484         1495       284.44
     265.100     0.996875         1496       320.00
     265.100     0.997266         1496       365.71
     274.100     0.997656         1497       426.67
     275.100     0.998047         1498       512.00
     275.100     0.998242         1498       568.89
     275.100     0.998437         1498       640.00
     275.100     0.998633         1498       731.43
     315.100     0.998828         1499       853.33
     315.100     0.999023         1499      1024.00
     315.100     0.999121         1499      1137.78
     315.100     0.999219         1499      1280.00
     315.100     0.999316         1499      1462.86
     361.100     0.999414         1500      1706.67
     361.100     1.000000         1500          inf
#[Mean    =       32.482, StdDeviation   =       29.444]
#[Max     =      361.100, Total count    =         1500]
#[Buckets =           14, SubBuckets     =         2048]
